HP:0000470	Short neck	0.000148341083169782
HP:0000474	Thickened nuchal skin fold	0.00327378739105493
HP:0005989	Redundant neck skin	0.0493849060241655
