HP:0003186	Inverted nipples	1.40597558424903e-16
HP:0003187	Breast hypoplasia	0.0303823339259391
