HP:0001561	Polyhydramnios	0.00260238011493099
HP:0000474	Thickened nuchal skin fold	0.00327378739105493
HP:0001562	Oligohydramnios	0.0240290150409531
HP:0001789	Hydrops fetalis	0.0252976692312338
